OPENAI_API_KEY = "sk-svcacct-..."
LAT = 40.7908711
LON = -73.3746079